[
  {
  "terrain": {
    "width": 120,
    "depth": 120,
    "heights": [
      [0,0,0,0,0,0,0,0,0,0,0,0,0],
      [0,0.2,0.5,0.9,1.4,1.8,2.0,1.8,1.4,0.9,0.5,0.2,0],
      [0,0.5,1.0,1.6,2.3,2.9,3.2,2.9,2.3,1.6,1.0,0.5,0],
      [0,0.9,1.6,2.4,3.3,4.1,4.5,4.1,3.3,2.4,1.6,0.9,0],
      [0,1.4,2.3,3.3,4.4,5.4,6.0,5.4,4.4,3.3,2.3,1.4,0],
      [0,1.8,2.9,4.1,5.4,6.7,7.5,6.7,5.4,4.1,2.9,1.8,0],
      [0,2.0,3.2,4.5,6.0,7.5,8.5,7.5,6.0,4.5,3.2,2.0,0],
      [0,1.8,2.9,4.1,5.4,6.7,7.5,6.7,5.4,4.1,2.9,1.8,0],
      [0,1.4,2.3,3.3,4.4,5.4,6.0,5.4,4.4,3.3,2.3,1.4,0],
      [0,0.9,1.6,2.4,3.3,4.1,4.5,4.1,3.3,2.4,1.6,0.9,0],
      [0,0.5,1.0,1.6,2.3,2.9,3.2,2.9,2.3,1.6,1.0,0.5,0],
      [0,0.2,0.5,0.9,1.4,1.8,2.0,1.8,1.4,0.9,0.5,0.2,0],
      [0,0,0,0,0,0,0,0,0,0,0,0,0]
    ]
  },
  "objects": [
    {
      "type": "box",
      "name": "HouseA",
      "position": { "x": -20, "y": 0, "z": 10 },
      "scale": { "x": 8, "y": 5, "z": 8 },
      "color": "#8b5e3c"
    },
    {
      "type": "cylinder",
      "name": "Tree1",
      "position": { "x": 12, "y": 0, "z": -8 },
      "scale": { "x": 2, "y": 8, "z": 2 },
      "color": "#2e7d32"
    },
    {
      "type": "cylinder",
      "name": "Tree2",
      "position": { "x": 25, "y": 0, "z": 4 },
      "scale": { "x": 2, "y": 7, "z": 2 },
      "color": "#2e7d32"
    }
  ],
  "spawn": { "x": 0, "z": -30 }
}
